100
0 773
1 332
2 525
3 343
4 754
5 241
6 372
7 43
8 189
9 865
10 600
11 159
12 439
13 632
14 721
15 154
16 382
17 443
18 316
19 757
20 105
21 662
22 871
23 490
24 76
25 473
26 646
27 504
28 934
29 616
30 378
31 516
32 681
33 753
34 564
35 419
36 10
37 674
38 396
39 338
40 611
41 329
42 735
43 288
44 166
45 562
46 279
47 476
48 605
49 637
50 684
51 386
52 586
53 209
54 190
55 880
56 50
57 577
58 91
59 766
60 779
61 364
62 399
63 108
64 923
65 706
66 43
67 77
68 104
69 119
70 957
71 96
72 796
73 765
74 800
75 415
76 224
77 955
78 954
79 392
80 70
81 973
82 363
83 676
84 533
85 124
86 469
87 460
88 858
89 145
90 140
91 558
92 386
93 427
94 652
95 203
96 112
97 963
98 991
99 896
