100
0 294
1 747
2 910
3 929
4 980
5 769
6 323
7 373
8 929
9 578
10 491
11 197
12 230
13 148
14 733
15 132
16 376
17 830
18 896
19 541
20 73
21 631
22 618
23 971
24 687
25 202
26 408
27 340
28 548
29 788
30 312
31 279
32 645
33 649
34 755
35 926
36 511
37 448
38 835
39 484
40 473
41 970
42 278
43 992
44 736
45 675
46 97
47 164
48 674
49 777
50 91
51 355
52 339
53 398
54 187
55 884
56 671
57 542
58 177
59 412
60 973
61 879
62 157
63 976
64 65
65 923
66 678
67 45
68 600
69 530
70 89
71 247
72 899
73 194
74 228
75 534
76 848
77 193
78 919
79 892
80 12
81 854
82 242
83 372
84 686
85 576
86 265
87 100
88 655
89 177
90 363
91 256
92 592
93 273
94 55
95 813
96 815
97 493
98 898
99 700
